F
0 0 0 0 0 0 0
0 0 1 1 1 0 0
0 0 1 1 1 1 0
0 0 1 1 1 0 0
0 0 0 0 0 0 0

B =
1 1 1
1 1 1
1 1 1

F ero B =
0 0 0 0 0 0 0
0 0 0 0 0 0 0
0 0 0 1 0 0 0
0 0 0 0 0 0 0
0 0 0 0 0 0 0

C = 
0 1 0
1 1 1
0 1 0

F ero B =
0 0 0 0 0 0 0
0 0 0 0 0 0 0
0 0 0 1 1 0 0
0 0 0 0 0 0 0
0 0 0 0 0 0 0



dilate
B =
1 1 1
1 1 1
1 1 1

C = 
0 1 0
1 1 1
0 1 0

F=
0 0 0 0 0 0 0
0 0 0 0 0 0 0
0 0 1 1 0 0 0
0 0 0 0 0 0 0
0 0 0 0 0 0 0


F dil B=
0 0 0 0 0 0 0
0 1 1 1 1 0 0
0 1 1 1 1 0 0
0 1 1 1 1 0 0
0 0 0 0 0 0 0

F dil C=
0 0 0 0 0 0 0
0 0 1 1 0 0 0
0 1 1 1 1 0 0
0 0 1 1 0 0 0
0 0 0 0 0 0 0



F = 
0 0 0 0 0 0 0
0 0 1 1 0 0 0
0 0 1 0 0 0 0
0 0 0 0 0 0 0

D = 
0 0 0
0 1 1
0 1 0

f ero D = 
0 0 0 0 0 0 0
0 0 1 0 0 0 0
0 0 0 0 0 0 0
0 0 0 0 0 0 0

F dil D = 
0 0 1 1 0 0 0
0 1 1 1 0 0 0
0 1 1 0 0 0 0
0 0 0 0 0 0 0

F = 
0 0 0 0 0
0 0 0 0 0
0 0 1 0 0
0 0 0 0 0
0 0 0 0 0

S = 
0 0 0
0 1 1
0 1 0

F dil S = 
0 0 0 0 0
0 0 0 0 0
0 0 1 1 0
0 0 1 0 0
0 0 0 0 0

(F dil S)^c = 
1 1 1 1 1
1 1 1 1 1
1 1 0 0 1
1 1 0 1 1
1 1 1 1 1


F^c = 
1 1 1 1 1
1 1 1 1 1
1 1 0 1 1
1 1 1 1 1
1 1 1 1 1

^S = 
0 1 0
1 1 0
0 0 0

----------------------------------
F = 
0 0 0 0 0 0 0
0 0 0 0 0 0 0
0 0 1 1 1 0 0
0 0 1 1 1 0 0
0 0 1 1 1 0 0
0 0 0 0 0 0 0
0 0 0 0 0 0 0

B = 
1 1 1
1 1 1
1 1 1

F ab B = 
(F ero B) dil B =
0 0 0 0 0 0 0   0 0 0 0 0 0 0
0 0 0 0 0 0 0   0 0 0 0 0 0 0
0 0 0 0 0 0 0   0 0 1 1 1 0 0 
0 0 0 1 0 0 0 = 0 0 1 1 1 0 0
0 0 0 0 0 0 0   0 0 1 1 1 0 0
0 0 0 0 0 0 0   0 0 0 0 0 0 0
0 0 0 0 0 0 0   0 0 0 0 0 0 0

F fe B = 
(F dil B) ero B = 
0 0 0 0 0 0 0   0 0 0 0 0 0 0
0 1 1 1 1 1 0   0 0 0 0 0 0 0
0 1 1 1 1 1 0   0 0 1 1 1 0 0
0 1 1 1 1 1 0 = 0 0 1 1 1 0 0
0 1 1 1 1 1 0   0 0 1 1 1 0 0
0 1 1 1 1 1 0   0 0 0 0 0 0 0
0 0 0 0 0 0 0   0 0 0 0 0 0 0

F = 
0 0 0 0 0 0 0
0 0 0 0 0 0 0
0 0 1 1 1 0 0
0 0 0 0 0 0 0
0 0 1 1 1 0 0
0 0 0 0 0 0 0

F ab B = 
(F ero B) dil B =
0 0 0 0 0 0 0   0 0 0 0 0 0 0
0 0 0 0 0 0 0   0 0 0 0 0 0 0
0 0 0 0 0 0 0   0 0 0 0 0 0 0
0 0 0 0 0 0 0 = 0 0 0 0 0 0 0
0 0 0 0 0 0 0   0 0 0 0 0 0 0
0 0 0 0 0 0 0   0 0 0 0 0 0 0
0 0 0 0 0 0 0   0 0 0 0 0 0 0

F fe B = 
(F dil B) ero B = 
0 0 0 0 0 0 0   0 0 0 0 0 0 0
0 1 1 1 1 1 0   0 0 0 0 0 0 0
0 1 1 1 1 1 0   0 0 1 1 1 0 0
0 1 1 1 1 1 0 = 0 0 1 1 1 0 0
0 1 1 1 1 1 0   0 0 1 1 1 0 0
0 0 0 0 0 0 0   0 0 0 0 0 0 0
0 0 0 0 0 0 0   0 0 0 0 0 0 0




--------------------------
hit-miss
F =             |F^c = 
0 0 0 0 0 0 0 0 |1 1 1 1 1 1 1 1
0 0 0 0 0 0 0 0 |1 1 1 1 1 1 1 1
0 0 1 1 1 0 0 0 |1 1 0 0 0 1 1 1
0 0 1 1 1 1 0 0 |1 1 0 0 0 0 1 1
0 0 1 1 1 1 0 0 |1 1 0 0 0 0 1 1
0 0 0 0 0 0 0 0 |1 1 1 1 1 1 1 1
0 0 0 0 0 0 0 0 |1 1 1 1 1 1 1 1

B =   |B^c = 
X 0 0 | X 1 1
1 1 0 | 0 0 1
X 1 X | X 0 X

F hitmiss B =      
0 0 0 0 0 0 0 0
0 0 0 0 0 0 0 0
0 0 0 0 1 0 0 0
0 0 0 0 0 1 0 0
0 0 0 0 0 0 0 0
0 0 0 0 0 0 0 0
0 0 0 0 0 0 0 0





